1300020
1300021
1300022
1300023
1300024
1300210
1300211
1300212
1300213
1300214
1300215
1300216
1300217
1300218
1300219
1300310
1300311
1300312
1300313
1300314
1300315
1300316
1300317
1300318
1300319
1300320
1300321
1300322
1300323
1300324
1300325
1300326
1300327
1300328
1300329
1300410
1300411
1300412
1300413
1300414
1300415
1300416
1300417
1300418
1300419
1301000
1301031
1301280
1301281
1301282
1301283
1301284
1301285
1301286
1301287
1301288
1301289
1302010
1302011
1302012
1302013
1302014
1302015
1302016
1302017
1302018
1302019
1302020
1302021
1302022
1302023
1302024
1302025
1302026
1302027
1302028
1302029
1302210
1302211
1302212
1302213
1302214
1302215
1302216
1302217
1302218
1302219
1302310
1302311
1302312
1302313
1302314
1302315
1302316
1302317
1302318
1302319
1302320
1302321
1302322
1302323
1302324
1302325
1302326
1302327
1302328
1302329
1302410
1302411
1302412
1302413
1302414
1302415
1302416
1302417
1302418
1302419
1303210
1303211
1303212
1303213
1303214
1303215
1303216
1303217
1303218
1303219
1304060
1304061
1304062
1304063
1304064
1304065
1304066
1304067
1304068
1304069
1304160
1304161
1304162
1304163
1304164
1304165
1304166
1304167
1304168
1304169
1304210
1304211
1304212
1304213
1304214
1304215
1304216
1304217
1304218
1304219
1304410
1304411
1304412
1304413
1304414
1304415
1304416
1304417
1304418
1304419
1304460
1304461
1304462
1304463
1304464
1304465
1304466
1304467
1304468
1304469
1304560
1304561
1304562
1304563
1304564
1304565
1304566
1304567
1304568
1304569
1304660
1304661
1304662
1304663
1304664
1304665
1304666
1304667
1304668
1304669
1305200
1305201
1305202
1305203
1305204
1305205
1305206
1305207
1305208
1305209
1305210
1305211
1305212
1305213
1305214
1305215
1305216
1305217
1305218
1305219
1305220
1305221
1305222
1305223
1305224
1305225
1305226
1305227
1305228
1305229
1305230
1305231
1305232
1305233
1305234
1305235
1305236
1305237
1305238
1305239
1305240
1305241
1305242
1305243
1305244
1305245
1305246
1305247
1305248
1305249
1305250
1305251
1305252
1305253
1305254
1305255
1305256
1305257
1305258
1305259
1306160
1306161
1306162
1306163
1306164
1306165
1306166
1306167
1306168
1306169
1306170
1306171
1306172
1306173
1306174
1306175
1306176
1306177
1306178
1306179
1306180
1306181
1306182
1306183
1306184
1306185
1306186
1306187
1306188
1306189
1306190
1306191
1306192
1306193
1306194
1306195
1306196
1306197
1306198
1306199
1306260
1306261
1306262
1306263
1306264
1306265
1306266
1306267
1306268
1306269
1306270
1306271
1306272
1306273
1306274
1306275
1306276
1306277
1306278
1306279
1306280
1306281
1306282
1306283
1306284
1306285
1306286
1306287
1306288
1306289
1307210
1307211
1307212
1307213
1307214
1307215
1307216
1307217
1307218
1307219
1312050
1312051
1312052
1312053
1312054
1312055
1312056
1312057
1312058
1312059
1312060
1312061
1312062
1312063
1312064
1312065
1312066
1312067
1312068
1312069
1312070
1312071
1312072
1312073
1312074
1312075
1312076
1312077
1312078
1312079
1312080
1312081
1312082
1312083
1312084
1312085
1312086
1312087
1312088
1312089
1312090
1312091
1312092
1312093
1312094
1312095
1312096
1312097
1312098
1312099
1312200
1312201
1312202
1312203
1312204
1312205
1312206
1312207
1312208
1312209
1312210
1312211
1312212
1312213
1312214
1312215
1312216
1312217
1312218
1312219
1312220
1312221
1312222
1312223
1312224
1312225
1312226
1312227
1312228
1312229
1312230
1312231
1312232
1312233
1312234
1312235
1312236
1312237
1312238
1312239
1312240
1312241
1312242
1312243
1312244
1312245
1312246
1312247
1312248
1312249
1312250
1312251
1312252
1312253
1312254
1312255
1312256
1312257
1312258
1312259
1312260
1312261
1312262
1312263
1312264
1312265
1312266
1312267
1312268
1312269
1312270
1312271
1312272
1312273
1312274
1312275
1312276
1312277
1312278
1312279
1312280
1312281
1312282
1312283
1312284
1312285
1312286
1312287
1312288
1312289
1312290
1312291
1312292
1312293
1312294
1312295
1312296
1312297
1312298
1312299
1312480
1312481
1312482
1312483
1312484
1312485
1312486
1312487
1312488
1312489
1312750
1312751
1312752
1312753
1312754
1312755
1312756
1312757
1312758
1312759
1312760
1312761
1312762
1312763
1312764
1312765
1312766
1312767
1312768
1312769
1312770
1312771
1312772
1312773
1312774
1312775
1312776
1312777
1312778
1312779
1312780
1312781
1312782
1312783
1312784
1312785
1312786
1312787
1312788
1312789
1312790
1312791
1312792
1312793
1312794
1312795
1312796
1312797
1312798
1312799
1314810
1314811
1314812
1314813
1314814
1314815
1314816
1314817
1314818
1314819
1316200
1316201
1316202
1316203
1316204
1316205
1316206
1316207
1316208
1316209
1316210
1316211
1316212
1316213
1316214
1316215
1316216
1316217
1316218
1316219
1316220
1316221
1316222
1316223
1316224
1316225
1316226
1316227
1316228
1316229
1316230
1316231
1316232
1316233
1316234
1316235
1316236
1316237
1316238
1316239
1316240
1316241
1316242
1316243
1316244
1316245
1316246
1316247
1316248
1316249
1316250
1316251
1316252
1316253
1316254
1316255
1316256
1316257
1316258
1316259
1316260
1316261
1316262
1316263
1316264
1316265
1316266
1316267
1316268
1316269
1316270
1316271
1316272
1316273
1316274
1316275
1316276
1316277
1316278
1316279
1316280
1316281
1316282
1316283
1316284
1316285
1316286
1316287
1316288
1316289
1316290
1316291
1316292
1316293
1316294
1316295
1316296
1316297
1316298
1316299
1316600
1316601
1316602
1316603
1316604
1316605
1316606
1316607
1316608
1316609
1316610
1316611
1316612
1316613
1316614
1316615
1316616
1316617
1316618
1316619
1316620
1316621
1316622
1316623
1316624
1316625
1316626
1316627
1316628
1316629
1316630
1316631
1316632
1316633
1316634
1316635
1316636
1316637
1316638
1316639
1316640
1316641
1316642
1316643
1316644
1316645
1316646
1316647
1316648
1316649
1316700
1316701
1316702
1316703
1316704
1316705
1316706
1316707
1316708
1316709
1316710
1316711
1316712
1316713
1316714
1316715
1316716
1316717
1316718
1316719
1316720
1316721
1316722
1316723
1316724
1316725
1316726
1316727
1316728
1316729
1324800
1324801
1324801
1324802
1324802
1324803
1324804
1324805
1324806
1324807
1324808
1324809
1324810
1324811
1324812
1324813
1324814
1324815
1324816
1324817
1324818
1324819
1324820
1324821
1324822
1324823
1324824
1324825
1324826
1324827
1324828
1324829
1324830
1324831
1324832
1324833
1324834
1324835
1324836
1324837
1324838
1324839
1326220
1326221
1326222
1326223
1326224
1326225
1326226
1326227
1326228
1326229
1326250
1326251
1326252
1326253
1326254
1326255
1326256
1326257
1326258
1326259
1326260
1326261
1326262
1326263
1326264
1326265
1326266
1326267
1326268
1326269
1326270
1326271
1326272
1326273
1326274
1326275
1326276
1326277
1326278
1326279
1326280
1326281
1326282
1326283
1326284
1326285
1326286
1326287
1326288
1326289
1326290
1326291
1326292
1326293
1326294
1326295
1326296
1326297
1326298
1326299
1329600
1329601
1329602
1329603
1329604
1329605
1329606
1329607
1329608
1329609
1329610
1329611
1329612
1329613
1329614
1329615
1329616
1329617
1329618
1329619
1329620
1329621
1329622
1329623
1329624
1329625
1329626
1329627
1329628
1329629
1330018
1330019
1330160
1330161
1330162
1330163
1330164
1330165
1330166
1330167
1330168
1330169
1330170
1330171
1330172
1330173
1330174
1330175
1330176
1330177
1330178
1330179
1330180
1330181
1330182
1330183
1330184
1330185
1330186
1330187
1330188
1330189
1330190
1330191
1330192
1330193
1330194
1330195
1330196
1330197
1330198
1330199
1331000
1331001
1331002
1331003
1331004
1331005
1331006
1331007
1331008
1331009
1331010
1331011
1331012
1331013
1331014
1331015
1331016
1331017
1331018
1331019
1331160
1331161
1331162
1331163
1331164
1331165
1331166
1331167
1331168
1331169
1331170
1331171
1331172
1331173
1331174
1331175
1331176
1331177
1331178
1331179
1331180
1331181
1331182
1331183
1331184
1331185
1331186
1331187
1331188
1331189
1331190
1331191
1331192
1331193
1331194
1331195
1331196
1331197
1331198
1331199
1332180
1332181
1332182
1332183
1332184
1332185
1332186
1332187
1332188
1332189
1332190
1332191
1332192
1332193
1332194
1332195
1332196
1332197
1332198
1332199
1333180
1333181
1333182
1333183
1333184
1333185
1333186
1333187
1333188
1333189
1333190
1333191
1333192
1333193
1333194
1333195
1333196
1333197
1333198
1333199
1334160
1334161
1334162
1334163
1334164
1334165
1334166
1334167
1334168
1334169
1334170
1334171
1334172
1334173
1334174
1334175
1334176
1334177
1334178
1334179
1334180
1334181
1334182
1334183
1334184
1334185
1334186
1334187
1334188
1334189
1334190
1334191
1334192
1334193
1334194
1334195
1334196
1334197
1334198
1334199
1334418
1334419
1336180
1336181
1336182
1336183
1336184
1336185
1336186
1336187
1336188
1336189
1336190
1336191
1336192
1336193
1336194
1336195
1336196
1336197
1336198
1336199
1337000
1337001
1337002
1337003
1337004
1337005
1337006
1337007
1337008
1337009
1337020
1337021
1337022
1337023
1337024
1337025
1337026
1337027
1337028
1337029
1337180
1337181
1337182
1337183
1337184
1337185
1337186
1337187
1337188
1337189
1337190
1337191
1337192
1337193
1337194
1337195
1337196
1337197
1337198
1337199
1338150
1338151
1338152
1338153
1338154
1338155
1338156
1338157
1338158
1338159
1338160
1338161
1338162
1338163
1338164
1338165
1338166
1338167
1338168
1338169
1338170
1338171
1338172
1338173
1338174
1338175
1338176
1338177
1338178
1338179
1338180
1338181
1338182
1338183
1338184
1338185
1338186
1338187
1338188
1338189
1338190
1338191
1338192
1338193
1338194
1338195
1338196
1338197
1338198
1338199
1338600
1338601
1338602
1338603
1338604
1338605
1338606
1338607
1338608
1338609
1338610
1338611
1338612
1338613
1338614
1338615
1338616
1338617
1338618
1338619
1338620
1338621
1338622
1338623
1338624
1338625
1338626
1338627
1338628
1338629
1339100
1339101
1339102
1339103
1339104
1339105
1339106
1339107
1339108
1339109
1339110
1339111
1339112
1339113
1339114
1339115
1339116
1339117
1339118
1339119
1339120
1339121
1339122
1339123
1339124
1339125
1339126
1339127
1339128
1339129
1339130
1339131
1339132
1339133
1339134
1339135
1339136
1339137
1339138
1339139
1339140
1339141
1339142
1339143
1339144
1339145
1339146
1339147
1339148
1339149
1340200
1340201
1340202
1340203
1340204
1340205
1340206
1340207
1340208
1340209
1340210
1340211
1340212
1340213
1340214
1340215
1340216
1340217
1340218
1340219
1347240
1347241
1347242
1347243
1347244
1347245
1347246
1347247
1347248
1347249
1347250
1347251
1347252
1347253
1347254
1347255
1347256
1347257
1347258
1347259
1347260
1347261
1347262
1347263
1347264
1347265
1347266
1347267
1347268
1347269
1347270
1347271
1347272
1347273
1347274
1347275
1347276
1347277
1347278
1347279
1347280
1347281
1347282
1347283
1347284
1347285
1347286
1347287
1347288
1347289
1348200
1348201
1348202
1348203
1348204
1348205
1348206
1348207
1348208
1348209
1348210
1348211
1348212
1348213
1348214
1348215
1348216
1348217
1348218
1348219
1348220
1348221
1348222
1348223
1348224
1348225
1348226
1348227
1348228
1348229
1348230
1348231
1348232
1348233
1348234
1348235
1348236
1348237
1348238
1348239
1348240
1348241
1348242
1348243
1348244
1348245
1348246
1348247
1348248
1348249
1348250
1348251
1348252
1348253
1348254
1348255
1348256
1348257
1348258
1348259
1348260
1348261
1348262
1348263
1348264
1348265
1348266
1348267
1348268
1348269
1348270
1348271
1348272
1348273
1348274
1348275
1348276
1348277
1348278
1348279
1348280
1348281
1348282
1348283
1348284
1348285
1348286
1348287
1348288
1348289
1350160
1350161
1350162
1350163
1350164
1350165
1350166
1350167
1350168
1350169
1350170
1350171
1350172
1350173
1350174
1350175
1350176
1350177
1350178
1350179
1350180
1350181
1350182
1350183
1350184
1350185
1350186
1350187
1350188
1350189
1350190
1350191
1350192
1350193
1350194
1350195
1350196
1350197
1350198
1350199
1351210
1351211
1351212
1351213
1351214
1351215
1351216
1351217
1351218
1351219
1352400
1352401
1352402
1352403
1352404
1352405
1352406
1352407
1352408
1352409
1352410
1352411
1352412
1352413
1352414
1352415
1352416
1352417
1352418
1352419
1352420
1352421
1352422
1352423
1352424
1352425
1352426
1352427
1352428
1352429
1352430
1352431
1352432
1352433
1352434
1352435
1352436
1352437
1352438
1352439
1352440
1352441
1352442
1352443
1352444
1352445
1352446
1352447
1352448
1352449
1352450
1352451
1352452
1352453
1352454
1352455
1352456
1352457
1352458
1352459
1352460
1352461
1352462
1352463
1352464
1352465
1352466
1352467
1352468
1352469
1352470
1352471
1352472
1352473
1352474
1352475
1352476
1352477
1352478
1352479
1352480
1352481
1352482
1352483
1352484
1352485
1352486
1352487
1352488
1352489
1352490
1352491
1352492
1352493
1352494
1352495
1352496
1352497
1352498
1352499
1356400
1356401
1356402
1356403
1356404
1356405
1356406
1356407
1356408
1356409
1356410
1356411
1356412
1356413
1356414
1356415
1356416
1356417
1356418
1356419
1356420
1356421
1356422
1356423
1356424
1356425
1356426
1356427
1356428
1356429
1356430
1356431
1356432
1356433
1356434
1356435
1356436
1356437
1356438
1356439
1356440
1356441
1356442
1356443
1356444
1356445
1356446
1356447
1356448
1356449
1356450
1356451
1356452
1356453
1356454
1356455
1356456
1356457
1356458
1356459
1356460
1356461
1356462
1356463
1356464
1356465
1356466
1356467
1356468
1356469
1356470
1356471
1356472
1356473
1356474
1356475
1356476
1356477
1356478
1356479
1356480
1356481
1356482
1356483
1356484
1356485
1356486
1356487
1356488
1356489
1356490
1356491
1356492
1356493
1356494
1356495
1356496
1356497
1356498
1356499
1358550
1358551
1358552
1358553
1358554
1358555
1358556
1358557
1358558
1358559
1358560
1358561
1358562
1358563
1358564
1358565
1358566
1358567
1358568
1358569
1358570
1358571
1358572
1358573
1358574
1358575
1358576
1358577
1358578
1358579
1358580
1358581
1358582
1358583
1358584
1358585
1358586
1358587
1358588
1358589
1358590
1358591
1358592
1358593
1358594
1358595
1358596
1358597
1358598
1358599
1360160
1360161
1360162
1360163
1360164
1360165
1360166
1360167
1360168
1360169
1360170
1360171
1360172
1360173
1360174
1360175
1360176
1360177
1360178
1360179
1360180
1360181
1360182
1360183
1360184
1360185
1360186
1360187
1360188
1360189
1360190
1360191
1360192
1360193
1360194
1360195
1360196
1360197
1360198
1360199
1361160
1361161
1361162
1361163
1361164
1361165
1361166
1361167
1361168
1361169
1361170
1361171
1361172
1361173
1361174
1361175
1361176
1361177
1361178
1361179
1361180
1361181
1361182
1361183
1361184
1361185
1361186
1361187
1361188
1361189
1361190
1361191
1361192
1361193
1361194
1361195
1361196
1361197
1361198
1361199
1362160
1362161
1362162
1362163
1362164
1362165
1362166
1362167
1362168
1362169
1362170
1362171
1362172
1362173
1362174
1362175
1362176
1362177
1362178
1362179
1362180
1362181
1362182
1362183
1362184
1362185
1362186
1362187
1362188
1362189
1362190
1362191
1362192
1362193
1362194
1362195
1362196
1362197
1362198
1362199
1363630
1363631
1363632
1363633
1363634
1363635
1363636
1363637
1363638
1363639
1363640
1363641
1363642
1363643
1363644
1363645
1363646
1363647
1363648
1363649
1363650
1363651
1363652
1363653
1363654
1363655
1363656
1363657
1363658
1363659
1363660
1363661
1363662
1363663
1363664
1363665
1363666
1363667
1363668
1363669
1364160
1364161
1364162
1364163
1364164
1364165
1364166
1364167
1364168
1364169
1364170
1364171
1364172
1364173
1364174
1364175
1364176
1364177
1364178
1364179
1364180
1364181
1364182
1364183
1364184
1364185
1364186
1364187
1364188
1364189
1364190
1364191
1364192
1364193
1364194
1364195
1364196
1364197
1364198
1364199
1365160
1365161
1365162
1365163
1365164
1365165
1365166
1365167
1365168
1365169
1365170
1365171
1365172
1365173
1365174
1365175
1365176
1365177
1365178
1365179
1365180
1365181
1365182
1365183
1365184
1365185
1365186
1365187
1365188
1365189
1365190
1365191
1365192
1365193
1365194
1365195
1365196
1365197
1365198
1365199
1366140
1366141
1366142
1366143
1366144
1366145
1366146
1366147
1366148
1366149
1366150
1366151
1366152
1366153
1366154
1366155
1366156
1366157
1366158
1366159
1366160
1366161
1366162
1366163
1366164
1366165
1366166
1366167
1366168
1366169
1366170
1366171
1366172
1366173
1366174
1366175
1366176
1366177
1366178
1366179
1366180
1366181
1366182
1366183
1366184
1366185
1366186
1366187
1366188
1366189
1366190
1366191
1366192
1366193
1366194
1366195
1366196
1366197
1366198
1366199
1367150
1367151
1367152
1367153
1367154
1367155
1367156
1367157
1367158
1367159
1367160
1367161
1367162
1367163
1367164
1367165
1367166
1367167
1367168
1367169
1367170
1367171
1367172
1367173
1367174
1367175
1367176
1367177
1367178
1367179
1367180
1367181
1367182
1367183
1367184
1367185
1367186
1367187
1367188
1367189
1367190
1367191
1367192
1367193
1367194
1367195
1367196
1367197
1367198
1367199
1368160
1368161
1368162
1368163
1368164
1368165
1368166
1368167
1368168
1368169
1368170
1368171
1368172
1368173
1368174
1368175
1368176
1368177
1368178
1368179
1368180
1368181
1368182
1368183
1368184
1368185
1368186
1368187
1368188
1368189
1368190
1368191
1368192
1368193
1368194
1368195
1368196
1368197
1368198
1368199
1370160
1370161
1370162
1370163
1370164
1370165
1370166
1370167
1370168
1370169
1370170
1370171
1370172
1370173
1370174
1370175
1370176
1370177
1370178
1370179
1370180
1370181
1370182
1370183
1370184
1370185
1370186
1370187
1370188
1370189
1370190
1370191
1370192
1370193
1370194
1370195
1370196
1370197
1370198
1370199
1374017
1376100
1376101
1376102
1376103
1376104
1376105
1376106
1376107
1376108
1376109
1376110
1376111
1376112
1376113
1376114
1376115
1376116
1376117
1376118
1376119
1376120
1376121
1376122
1376123
1376124
1376125
1376126
1376127
1376128
1376129
1376130
1376131
1376132
1376133
1376134
1376135
1376136
1376137
1376138
1376139
1376140
1376141
1376142
1376143
1376144
1376145
1376146
1376147
1376148
1376149
1376150
1376151
1376152
1376153
1376154
1376155
1376156
1376157
1376158
1376159
1376160
1376161
1376162
1376163
1376164
1376165
1376166
1376167
1376168
1376169
1376170
1376171
1376172
1376173
1376174
1376175
1376176
1376177
1376178
1376179
1376180
1376181
1376182
1376183
1376184
1376185
1376186
1376187
1376188
1376189
1376190
1376191
1376192
1376193
1376194
1376195
1376196
1376197
1376198
1376199
1376400
1376401
1376402
1376403
1376404
1376405
1376406
1376407
1376408
1376409
1376410
1376411
1376412
1376413
1376414
1376415
1376416
1376417
1376418
1376419
1376420
1376421
1376422
1376423
1376424
1376425
1376426
1376427
1376428
1376429
1376430
1376431
1376432
1376433
1376434
1376435
1376436
1376437
1376438
1376439
1376440
1376441
1376442
1376443
1376444
1376445
1376446
1376447
1376448
1376449
1376450
1376451
1376452
1376453
1376454
1376455
1376456
1376457
1376458
1376459
1376460
1376461
1376462
1376463
1376464
1376465
1376466
1376467
1376468
1376469
1376470
1376471
1376472
1376473
1376474
1376475
1376476
1376477
1376478
1376479
1376480
1376481
1376482
1376483
1376484
1376485
1376486
1376487
1376488
1376489
1376490
1376491
1376492
1376493
1376494
1376495
1376496
1376497
1376498
1376499
1377420
1377421
1377422
1377423
1377424
1377425
1377426
1377427
1377428
1377429
1377430
1377431
1377432
1377433
1377434
1377435
1377436
1377437
1377438
1377439
1377440
1377441
1377442
1377443
1377444
1377445
1377446
1377447
1377448
1377449
1378890
1378891
1378892
1378893
1378894
1378895
1378896
1378897
1378898
1378899
1379520
1379521
1379522
1379523
1379524
1379525
1379526
1379527
1379528
1379529
1379530
1379531
1379532
1379533
1379534
1379535
1379536
1379537
1379538
1379539
1379540
1379541
1379542
1379543
1379544
1379545
1379546
1379547
1379548
1379549
1380021
1380160
1380161
1380162
1380163
1380164
1380165
1380166
1380167
1380168
1380169
1380170
1380171
1380172
1380173
1380174
1380175
1380176
1380177
1380178
1380179
1380180
1380181
1380182
1380183
1380184
1380185
1380186
1380187
1380188
1380189
1380190
1380191
1380192
1380193
1380194
1380195
1380196
1380197
1380198
1380199
1381600
1381601
1381602
1381603
1381604
1381605
1381606
1381607
1381608
1381609
1381610
1381611
1381612
1381613
1381614
1381615
1381616
1381617
1381618
1381619
1381620
1381621
1381622
1381623
1381624
1381625
1381626
1381627
1381628
1381629
1381630
1381631
1381632
1381633
1381634
1381635
1381636
1381637
1381638
1381639
1381640
1381641
1381642
1381643
1381644
1381645
1381646
1381647
1381648
1381649
1381650
1381651
1381652
1381653
1381654
1381655
1381656
1381657
1381658
1381659
1381660
1381661
1381662
1381663
1381664
1381665
1381666
1381667
1381668
1381669
1381670
1381671
1381672
1381673
1381674
1381675
1381676
1381677
1381678
1381679
1381680
1381681
1381682
1381683
1381684
1381685
1381686
1381687
1381688
1381689
1381690
1381691
1381692
1381693
1381694
1381695
1381696
1381697
1381698
1381699
1381700
1381701
1381702
1381703
1381704
1381705
1381706
1381707
1381708
1381709
1381710
1381711
1381712
1381713
1381714
1381715
1381716
1381717
1381718
1381719
1381720
1381721
1381722
1381723
1381724
1381725
1381726
1381727
1381728
1381729
1381730
1381731
1381732
1381733
1381734
1381735
1381736
1381737
1381738
1381739
1381740
1381741
1381742
1381743
1381744
1381745
1381746
1381747
1381748
1381749
1381750
1381751
1381752
1381753
1381754
1381755
1381756
1381757
1381758
1381759
1381760
1381761
1381762
1381763
1381764
1381765
1381766
1381767
1381768
1381769
1381770
1381771
1381772
1381773
1381774
1381775
1381776
1381777
1381778
1381779
1381780
1381781
1381782
1381783
1381784
1381785
1381786
1381787
1381788
1381789
1381790
1381791
1381792
1381793
1381794
1381795
1381796
1381797
1381798
1381799
1381800
1381801
1381802
1381803
1381804
1381805
1381806
1381807
1381808
1381809
1381810
1381811
1381812
1381813
1381814
1381815
1381816
1381817
1381818
1381819
1381820
1381821
1381822
1381823
1381824
1381825
1381826
1381827
1381828
1381829
1381830
1381831
1381832
1381833
1381834
1381835
1381836
1381837
1381838
1381839
1381840
1381841
1381842
1381843
1381844
1381845
1381846
1381847
1381848
1381849
1381850
1381851
1381852
1381853
1381854
1381855
1381856
1381857
1381858
1381859
1381860
1381861
1381862
1381863
1381864
1381865
1381866
1381867
1381868
1381869
1381870
1381871
1381872
1381873
1381874
1381875
1381876
1381877
1381878
1381879
1381880
1381881
1381882
1381883
1381884
1381885
1381886
1381887
1381888
1381889
1381890
1381891
1381892
1381893
1381894
1381895
1381896
1381897
1381898
1381899
1390013
1390014
1390016
1390017
1390018
1390019
1390160
1390161
1390162
1390163
1390164
1390165
1390166
1390167
1390168
1390169
1390170
1390171
1390172
1390173
1390174
1390175
1390176
1390177
1390178
1390179
1390180
1390181
1390182
1390183
1390184
1390185
1390186
1390187
1390188
1390189
1390190
1390191
1390192
1390193
1390194
1390195
1390196
1390197
1390198
1390199
1391600
1391601
1391602
1391603
1391604
1391605
1391606
1391607
1391608
1391609
1391610
1391611
1391612
1391613
1391614
1391615
1391616
1391617
1391618
1391619
1391620
1391621
1391622
1391623
1391624
1391625
1391626
1391627
1391628
1391629
1391630
1391631
1391632
1391633
1391634
1391635
1391636
1391637
1391638
1391639
1391640
1391641
1391642
1391643
1391644
1391645
1391646
1391647
1391648
1391649
1391650
1391651
1391652
1391653
1391654
1391655
1391656
1391657
1391658
1391659
1391660
1391661
1391662
1391663
1391664
1391665
1391666
1391667
1391668
1391669
1391670
1391671
1391672
1391673
1391674
1391675
1391676
1391677
1391678
1391679
1391680
1391681
1391682
1391683
1391684
1391685
1391686
1391687
1391688
1391689
1391690
1391691
1391692
1391693
1391694
1391695
1391696
1391697
1391698
1391699
1391700
1391701
1391702
1391703
1391704
1391705
1391706
1391707
1391708
1391709
1391710
1391711
1391712
1391713
1391714
1391715
1391716
1391717
1391718
1391719
1391720
1391721
1391722
1391723
1391724
1391725
1391726
1391727
1391728
1391729
1391730
1391731
1391732
1391733
1391734
1391735
1391736
1391737
1391738
1391739
1391740
1391741
1391742
1391743
1391744
1391745
1391746
1391747
1391748
1391749
1391750
1391751
1391752
1391753
1391754
1391755
1391756
1391757
1391758
1391759
1391760
1391761
1391762
1391763
1391764
1391765
1391766
1391767
1391768
1391769
1391770
1391771
1391772
1391773
1391774
1391775
1391776
1391777
1391778
1391779
1391780
1391781
1391782
1391783
1391784
1391785
1391786
1391787
1391788
1391789
1391790
1391791
1391792
1391793
1391794
1391795
1391796
1391797
1391798
1391799
1391800
1391801
1391802
1391803
1391804
1391805
1391806
1391807
1391808
1391809
1391810
1391811
1391812
1391813
1391814
1391815
1391816
1391817
1391818
1391819
1391820
1391821
1391822
1391823
1391824
1391825
1391826
1391827
1391828
1391829
1391830
1391831
1391832
1391833
1391834
1391835
1391836
1391837
1391838
1391839
1391840
1391841
1391842
1391843
1391844
1391845
1391846
1391847
1391848
1391849
1391850
1391851
1391852
1391853
1391854
1391855
1391856
1391857
1391858
1391859
1391860
1391861
1391862
1391863
1391864
1391865
1391866
1391867
1391868
1391869
1391870
1391871
1391872
1391873
1391874
1391875
1391876
1391877
1391878
1391879
1391880
1391881
1391882
1391883
1391884
1391885
1391886
1391887
1391888
1391889
1391890
1391891
1391892
1391893
1391894
1391895
1391896
1391897
1391898
1391899
1452060
1452061
1452062
1452063
1452064
1452065
1452066
1452067
1452068
1452069
1452070
1452071
1452072
1452073
1452074
1452075
1452076
1452077
1452078
1452079
1470210
1470211
1470212
1470213
1470214
1470215
1470216
1470217
1470218
1470219
1472100
1472101
1472102
1472103
1472104
1472105
1472106
1472107
1472108
1472109
1472110
1472111
1472112
1472113
1472114
1472115
1472116
1472117
1472118
1472119
1472120
1472121
1472122
1472123
1472124
1472125
1472126
1472127
1472128
1472129
1478190
1478191
1478192
1478193
1478194
1478195
1478196
1478197
1478198
1478199
1478200
1478201
1478202
1478203
1478204
1478205
1478206
1478207
1478208
1478209
1478210
1478211
1478212
1478213
1478214
1478215
1478216
1478217
1478218
1478219
1478220
1478221
1478222
1478223
1478224
1478225
1478226
1478227
1478228
1478229
1478230
1478231
1478232
1478233
1478234
1478235
1478236
1478237
1478238
1478239
1478240
1478241
1478242
1478243
1478244
1478245
1478246
1478247
1478248
1478249
1478250
1478251
1478252
1478253
1478254
1478255
1478256
1478257
1478258
1478259
1478280
1478281
1478282
1478283
1478284
1478285
1478286
1478287
1478288
1478289
1500000
1500001
1500002
1500003
1500004
1500005
1500006
1500007
1500008
1500009
1500010
1500011
1500012
1500013
1500014
1500015
1500016
1500017
1500018
1500019
1500020
1500021
1500022
1500023
1500024
1500025
1500026
1500027
1500028
1500029
1500030
1500031
1500032
1500033
1500034
1500035
1500036
1500037
1500038
1500039
1500040
1500041
1500042
1500043
1500044
1500045
1500046
1500047
1500048
1500049
1500050
1500051
1500052
1500053
1500054
1500055
1500056
1500057
1500058
1500059
1500060
1500061
1500062
1500063
1500064
1500065
1500066
1500067
1500068
1500069
1500070
1500071
1500072
1500073
1500074
1500075
1500076
1500077
1500078
1500079
1500080
1500081
1500082
1500083
1500084
1500085
1500086
1500087
1500088
1500089
1500090
1500091
1500092
1500093
1500094
1500095
1500096
1500097
1500098
1500099
1500170
1500171
1500172
1500173
1500174
1500175
1500176
1500177
1500178
1500179
1500180
1500181
1500182
1500183
1500184
1500185
1500186
1500187
1500188
1500189
1500190
1500191
1500192
1500193
1500194
1500195
1500196
1500197
1500198
1500199
1500210
1500211
1500212
1500213
1500214
1500215
1500216
1500217
1500218
1500219
1502100
1502101
1502102
1502103
1502104
1502105
1502106
1502107
1502108
1502109
1502110
1502111
1502112
1502113
1502114
1502115
1502116
1502117
1502118
1502119
1502120
1502121
1502122
1502123
1502124
1502125
1502126
1502127
1502128
1502129
1502130
1502131
1502132
1502133
1502134
1502135
1502136
1502137
1502138
1502139
1502140
1502141
1502142
1502143
1502144
1502145
1502146
1502147
1502148
1502149
1502150
1502151
1502152
1502153
1502154
1502155
1502156
1502157
1502158
1502159
1502160
1502161
1502162
1502163
1502164
1502165
1502166
1502167
1502168
1502169
1502170
1502171
1502172
1502173
1502174
1502175
1502176
1502177
1502178
1502179
1502180
1502181
1502182
1502183
1502184
1502185
1502186
1502187
1502188
1502189
1502190
1502191
1502192
1502193
1502194
1502195
1502196
1502197
1502198
1502199
1502640
1502641
1502642
1502643
1502644
1502645
1502646
1502647
1502648
1502649
1502650
1502651
1502652
1502653
1502654
1502655
1502656
1502657
1502658
1502659
1502660
1502661
1502662
1502663
1502664
1502665
1502666
1502667
1502668
1502669
1502670
1502671
1502672
1502673
1502674
1502675
1502676
1502677
1502678
1502679
1502680
1502681
1502682
1502683
1502684
1502685
1502686
1502687
1502688
1502689
1502690
1502691
1502692
1502693
1502694
1502695
1502696
1502697
1502698
1502699
1510210
1510211
1510212
1510213
1510214
1510215
1510216
1510217
1510218
1510219
1512100
1512101
1512102
1512103
1512104
1512105
1512106
1512107
1512108
1512109
1512110
1512111
1512112
1512113
1512114
1512115
1512116
1512117
1512118
1512119
1520170
1520171
1520172
1520173
1520174
1520175
1520176
1520177
1520178
1520179
1520180
1520181
1520182
1520183
1520184
1520185
1520186
1520187
1520188
1520189
1520190
1520191
1520192
1520193
1520194
1520195
1520196
1520197
1520198
1520199
1520210
1520211
1520212
1520213
1520214
1520215
1520216
1520217
1520218
1520219
1521430
1521431
1521432
1521433
1521434
1521435
1521436
1521437
1521438
1521439
1521660
1521661
1521662
1521663
1521664
1521665
1521666
1521667
1521668
1521669
1521670
1521671
1521672
1521673
1521674
1521675
1521676
1521677
1521678
1521679
1521680
1521681
1521682
1521683
1521684
1521685
1521686
1521687
1521688
1521689
1522100
1522101
1522102
1522103
1522104
1522105
1522106
1522107
1522108
1522109
1522110
1522111
1522112
1522113
1522114
1522115
1522116
1522117
1522118
1522119
1522120
1522121
1522122
1522123
1522124
1522125
1522126
1522127
1522128
1522129
1522130
1522131
1522132
1522133
1522134
1522135
1522136
1522137
1522138
1522139
1522140
1522141
1522142
1522143
1522144
1522145
1522146
1522147
1522148
1522149
1522150
1522151
1522152
1522153
1522154
1522155
1522156
1522157
1522158
1522159
1522160
1522161
1522162
1522163
1522164
1522165
1522166
1522167
1522168
1522169
1522170
1522171
1522172
1522173
1522174
1522175
1522176
1522177
1522178
1522179
1522180
1522181
1522182
1522183
1522184
1522185
1522186
1522187
1522188
1522189
1522190
1522191
1522192
1522193
1522194
1522195
1522196
1522197
1522198
1522199
1530040
1530041
1530042
1530043
1530044
1530045
1530046
1530047
1530048
1530049
1530050
1530051
1530052
1530053
1530054
1530055
1530056
1530057
1530058
1530059
1530060
1530061
1530062
1530063
1530064
1530065
1530066
1530067
1530068
1530069
1530070
1530071
1530072
1530073
1530074
1530075
1530076
1530077
1530078
1530079
1530080
1530081
1530082
1530083
1530084
1530085
1530086
1530087
1530088
1530089
1530090
1530091
1530092
1530093
1530094
1530095
1530096
1530097
1530098
1530099
1530160
1530161
1530162
1530163
1530164
1530165
1530166
1530167
1530168
1530169
1530170
1530171
1530172
1530173
1530174
1530175
1530176
1530177
1530178
1530179
1530180
1530181
1530182
1530183
1530184
1530185
1530186
1530187
1530188
1530189
1530190
1530191
1530192
1530193
1530194
1530195
1530196
1530197
1530198
1530199
1531600
1531601
1531602
1531603
1531604
1531605
1531606
1531607
1531608
1531609
1531610
1531611
1531612
1531613
1531614
1531615
1531616
1531617
1531618
1531619
1531620
1531621
1531622
1531623
1531624
1531625
1531626
1531627
1531628
1531629
1531630
1531631
1531632
1531633
1531634
1531635
1531636
1531637
1531638
1531639
1531640
1531641
1531642
1531643
1531644
1531645
1531646
1531647
1531648
1531649
1531650
1531651
1531652
1531653
1531654
1531655
1531656
1531657
1531658
1531659
1531660
1531661
1531662
1531663
1531664
1531665
1531666
1531667
1531668
1531669
1531670
1531671
1531672
1531673
1531674
1531675
1531676
1531677
1531678
1531679
1531680
1531681
1531682
1531683
1531684
1531685
1531686
1531687
1531688
1531689
1531690
1531691
1531692
1531693
1531694
1531695
1531696
1531697
1531698
1531699
1531700
1531701
1531702
1531703
1531704
1531705
1531706
1531707
1531708
1531709
1531710
1531711
1531712
1531713
1531714
1531715
1531716
1531717
1531718
1531719
1531720
1531721
1531722
1531723
1531724
1531725
1531726
1531727
1531728
1531729
1531730
1531731
1531732
1531733
1531734
1531735
1531736
1531737
1531738
1531739
1531740
1531741
1531742
1531743
1531744
1531745
1531746
1531747
1531748
1531749
1531750
1531751
1531752
1531753
1531754
1531755
1531756
1531757
1531758
1531759
1531760
1531761
1531762
1531763
1531764
1531765
1531766
1531767
1531768
1531769
1531770
1531771
1531772
1531773
1531774
1531775
1531776
1531777
1531778
1531779
1531780
1531781
1531782
1531783
1531784
1531785
1531786
1531787
1531788
1531789
1531790
1531791
1531792
1531793
1531794
1531795
1531796
1531797
1531798
1531799
1533772
1534020
1534021
1534022
1534023
1534024
1534025
1534026
1534027
1534028
1534029
1560160
1560161
1560162
1560163
1560164
1560165
1560166
1560167
1560168
1560169
1560170
1560171
1560172
1560173
1560174
1560175
1560176
1560177
1560178
1560179
1560180
1560181
1560182
1560183
1560184
1560185
1560186
1560187
1560188
1560189
1560190
1560191
1560192
1560193
1560194
1560195
1560196
1560197
1560198
1560199
1561800
1561801
1561802
1561803
1561804
1561805
1561806
1561807
1561808
1561809
1561810
1561811
1561812
1561813
1561814
1561815
1561816
1561817
1561818
1561819
1561820
1561821
1561822
1561823
1561824
1561825
1561826
1561827
1561828
1561829
1561830
1561831
1561832
1561833
1561834
1561835
1561836
1561837
1561838
1561839
1561840
1561841
1561842
1561843
1561844
1561845
1561846
1561847
1561848
1561849
1561850
1561851
1561852
1561853
1561854
1561855
1561856
1561857
1561858
1561859
1561860
1561861
1561862
1561863
1561864
1561865
1561866
1561867
1561868
1561869
1561870
1561871
1561872
1561873
1561874
1561875
1561876
1561877
1561878
1561879
1561880
1561881
1561882
1561883
1561884
1561885
1561886
1561887
1561888
1561889
1561890
1561891
1561892
1561893
1561894
1561895
1561896
1561897
1561898
1561899
1569210
1569211
1569212
1569213
1569214
1569215
1569216
1569217
1569218
1569219
1571010
1571011
1571012
1571013
1571014
1571015
1571016
1571017
1571018
1571019
1571160
1571161
1571162
1571163
1571164
1571165
1571166
1571167
1571168
1571169
1572100
1572101
1572102
1572103
1572104
1572105
1572106
1572107
1572108
1572109
1572110
1572111
1572112
1572113
1572114
1572115
1572116
1572117
1572118
1572119
1572120
1572121
1572122
1572123
1572124
1572125
1572126
1572127
1572128
1572129
1572130
1572131
1572132
1572133
1572134
1572135
1572136
1572137
1572138
1572139
1572140
1572141
1572142
1572143
1572144
1572145
1572146
1572147
1572148
1572149
1572150
1572151
1572152
1572153
1572154
1572155
1572156
1572157
1572158
1572159
1580030
1580031
1580032
1580033
1580034
1580035
1580036
1580037
1580038
1580039
1580040
1580041
1580042
1580043
1580044
1580045
1580046
1580047
1580048
1580049
1580050
1580051
1580052
1580053
1580054
1580055
1580056
1580057
1580058
1580059
1580060
1580061
1580062
1580063
1580064
1580065
1580066
1580067
1580068
1580069
1580070
1580071
1580072
1580073
1580074
1580075
1580076
1580077
1580078
1580079
1580080
1580081
1580082
1580083
1580084
1580085
1580086
1580087
1580088
1580089
1580090
1580091
1580092
1580093
1580094
1580095
1580096
1580097
1580098
1580099
1580170
1580171
1580172
1580173
1580174
1580175
1580176
1580177
1580178
1580179
1580180
1580181
1580182
1580183
1580184
1580185
1580186
1580187
1580188
1580189
1580190
1580191
1580192
1580193
1580194
1580195
1580196
1580197
1580198
1580199
1580210
1580211
1580212
1580213
1580214
1580215
1580216
1580217
1580218
1580219
1582100
1582101
1582102
1582103
1582104
1582105
1582106
1582107
1582108
1582109
1582110
1582111
1582112
1582113
1582114
1582115
1582116
1582117
1582118
1582119
1582120
1582121
1582122
1582123
1582124
1582125
1582126
1582127
1582128
1582129
1582130
1582131
1582132
1582133
1582134
1582135
1582136
1582137
1582138
1582139
1582140
1582141
1582142
1582143
1582144
1582145
1582146
1582147
1582148
1582149
1582150
1582151
1582152
1582153
1582154
1582155
1582156
1582157
1582158
1582159
1582160
1582161
1582162
1582163
1582164
1582165
1582166
1582167
1582168
1582169
1582170
1582171
1582172
1582173
1582174
1582175
1582176
1582177
1582178
1582179
1582180
1582181
1582182
1582183
1582184
1582185
1582186
1582187
1582188
1582189
1582190
1582191
1582192
1582193
1582194
1582195
1582196
1582197
1582198
1582199
1590040
1590041
1590042
1590043
1590044
1590045
1590046
1590047
1590048
1590049
1590050
1590051
1590052
1590053
1590054
1590055
1590056
1590057
1590058
1590059
1590060
1590061
1590062
1590063
1590064
1590065
1590066
1590067
1590068
1590069
1590070
1590071
1590072
1590073
1590074
1590075
1590076
1590077
1590078
1590079
1590080
1590081
1590082
1590083
1590084
1590085
1590086
1590087
1590088
1590089
1590090
1590091
1590092
1590093
1590094
1590095
1590096
1590097
1590098
1590099
1590160
1590161
1590162
1590163
1590164
1590165
1590166
1590167
1590168
1590169
1590170
1590171
1590172
1590173
1590174
1590175
1590176
1590177
1590178
1590179
1590180
1590181
1590182
1590183
1590184
1590185
1590186
1590187
1590188
1590189
1590190
1590191
1590192
1590193
1590194
1590195
1590196
1590197
1590198
1590199
1590210
1590211
1590212
1590213
1590214
1590215
1590216
1590217
1590218
1590219
1592100
1592101
1592102
1592103
1592104
1592105
1592106
1592107
1592108
1592109
1592110
1592111
1592112
1592113
1592114
1592115
1592116
1592117
1592118
1592119
1592120
1592121
1592122
1592123
1592124
1592125
1592126
1592127
1592128
1592129
1592130
1592131
1592132
1592133
1592134
1592135
1592136
1592137
1592138
1592139
1592140
1592141
1592142
1592143
1592144
1592145
1592146
1592147
1592148
1592149
1592150
1592151
1592152
1592153
1592154
1592155
1592156
1592157
1592158
1592159
1592160
1592161
1592162
1592163
1592164
1592165
1592166
1592167
1592168
1592169
1592170
1592171
1592172
1592173
1592174
1592175
1592176
1592177
1592178
1592179
1592180
1592181
1592182
1592183
1592184
1592185
1592186
1592187
1592188
1592189
1592190
1592191
1592192
1592193
1592194
1592195
1592196
1592197
1592198
1592199
1820170
1820171
1820172
1820173
1820174
1820175
1820176
1820177
1820178
1820179
1820180
1820181
1820182
1820183
1820184
1820185
1820186
1820187
1820188
1820189
1820190
1820191
1820192
1820193
1820194
1820195
1820196
1820197
1820198
1820199
1820210
1820211
1820212
1820213
1820214
1820215
1820216
1820217
1820218
1820219
1821700
1821701
1821702
1821703
1821704
1821705
1821706
1821707
1821708
1821709
1821710
1821711
1821712
1821713
1821714
1821715
1821716
1821717
1821718
1821719
1821720
1821721
1821722
1821723
1821724
1821725
1821726
1821727
1821728
1821729
1821730
1821731
1821732
1821733
1821734
1821735
1821736
1821737
1821738
1821739
1822100
1822101
1822102
1822103
1822104
1822105
1822106
1822107
1822108
1822109
1822110
1822111
1822112
1822113
1822114
1822115
1822116
1822117
1822118
1822119
1822120
1822121
1822122
1822123
1822124
1822125
1822126
1822127
1822128
1822129
1822130
1822131
1822132
1822133
1822134
1822135
1822136
1822137
1822138
1822139
1822140
1822141
1822142
1822143
1822144
1822145
1822146
1822147
1822148
1822149
1822150
1822151
1822152
1822153
1822154
1822155
1822156
1822157
1822158
1822159
1822160
1822161
1822162
1822163
1822164
1822165
1822166
1822167
1822168
1822169
1822170
1822171
1822172
1822173
1822174
1822175
1822176
1822177
1822178
1822179
1822180
1822181
1822182
1822183
1822184
1822185
1822186
1822187
1822188
1822189
1822190
1822191
1822192
1822193
1822194
1822195
1822196
1822197
1822198
1822199
1860160
1860161
1860162
1860163
1860164
1860165
1860166
1860167
1860168
1860169
1860170
1860171
1860172
1860173
1860174
1860175
1860176
1860177
1860178
1860179
1860210
1860211
1860212
1860213
1860214
1860215
1860216
1860217
1860218
1860219
1862100
1862101
1862102
1862103
1862104
1862105
1862106
1862107
1862108
1862109
1862110
1862111
1862112
1862113
1862114
1862115
1862116
1862117
1862118
1862119
1862120
1862121
1862122
1862123
1862124
1862125
1862126
1862127
1862128
1862129
1862130
1862131
1862132
1862133
1862134
1862135
1862136
1862137
1862138
1862139
1862140
1862141
1862142
1862143
1862144
1862145
1862146
1862147
1862148
1862149
1862150
1862151
1862152
1862153
1862154
1862155
1862156
1862157
1862158
1862159
1862160
1862161
1862162
1862163
1862164
1862165
1862166
1862167
1862168
1862169
1862170
1862171
1862172
1862173
1862174
1862175
1862176
1862177
1862178
1862179
1870170
1870171
1870172
1870173
1870174
1870175
1870176
1870177
1870178
1870179
1870180
1870181
1870182
1870183
1870184
1870185
1870186
1870187
1870188
1870189
1870190
1870191
1870192
1870193
1870194
1870195
1870196
1870197
1870198
1870199
1870210
1870211
1870212
1870213
1870214
1870215
1870216
1870217
1870218
1870219
1871770
1871771
1871772
1871773
1871774
1871775
1871776
1871777
1871778
1871779
1871780
1871781
1871782
1871783
1871784
1871785
1871786
1871787
1871788
1871789
1871790
1871791
1871792
1871793
1871794
1871795
1871796
1871797
1871798
1871799
1872100
1872101
1872102
1872103
1872104
1872105
1872106
1872107
1872108
1872109
1872110
1872111
1872112
1872113
1872114
1872115
1872116
1872117
1872118
1872119
1872120
1872121
1872122
1872123
1872124
1872125
1872126
1872127
1872128
1872129
1872130
1872131
1872132
1872133
1872134
1872135
1872136
1872137
1872138
1872139
1872140
1872141
1872142
1872143
1872144
1872145
1872146
1872147
1872148
1872149
1872150
1872151
1872152
1872153
1872154
1872155
1872156
1872157
1872158
1872159
1872160
1872161
1872162
1872163
1872164
1872165
1872166
1872167
1872168
1872169
1872170
1872171
1872172
1872173
1872174
1872175
1872176
1872177
1872178
1872179
1872180
1872181
1872182
1872183
1872184
1872185
1872186
1872187
1872188
1872189
1872190
1872191
1872192
1872193
1872194
1872195
1872196
1872197
1872198
1872199
1880160
1880161
1880162
1880163
1880164
1880165
1880166
1880167
1880168
1880169
1880170
1880171
1880172
1880173
1880174
1880175
1880176
1880177
1880178
1880179
1880180
1880181
1880182
1880183
1880184
1880185
1880186
1880187
1880188
1880189
1880190
1880191
1880192
1880193
1880194
1880195
1880196
1880197
1880198
1880199
1880210
1880211
1880212
1880213
1880214
1880215
1880216
1880217
1880218
1880219
1881720
1881721
1881722
1881723
1881724
1881725
1881726
1881727
1881728
1881729
1881730
1881731
1881732
1881733
1881734
1881735
1881736
1881737
1881738
1881739
1881740
1881741
1881742
1881743
1881744
1881745
1881746
1881747
1881748
1881749
1881750
1881751
1881752
1881753
1881754
1881755
1881756
1881757
1881758
1881759
1881760
1881761
1881762
1881763
1881764
1881765
1881766
1881767
1881768
1881769
1881770
1881771
1881772
1881773
1881774
1881775
1881776
1881777
1881778
1881779
1881780
1881781
1881782
1881783
1881784
1881785
1881786
1881787
1881788
1881789
1881790
1881791
1881792
1881793
1881794
1881795
1881796
1881797
1881798
1881799
1881800
1881801
1881802
1881803
1881804
1881805
1881806
1881807
1881808
1881809
1881810
1881811
1881812
1881813
1881814
1881815
1881816
1881817
1881818
1881819
1881820
1881821
1881822
1881823
1881824
1881825
1881826
1881827
1881828
1881829
1882100
1882101
1882102
1882103
1882104
1882105
1882106
1882107
1882108
1882109
1882110
1882111
1882112
1882113
1882114
1882115
1882116
1882117
1882118
1882119
1890160
1890161
1890162
1890163
1890164
1890165
1890166
1890167
1890168
1890169
1890170
1890171
1890172
1890173
1890174
1890175
1890176
1890177
1890178
1890179
1890180
1890181
1890182
1890183
1890184
1890185
1890186
1890187
1890188
1890189
1890190
1890191
1890192
1890193
1890194
1890195
1890196
1890197
1890198
1890199
1891600
1891601
1891602
1891603
1891604
1891605
1891606
1891607
1891608
1891609
1891610
1891611
1891612
1891613
1891614
1891615
1891616
1891617
1891618
1891619
1891620
1891621
1891622
1891623
1891624
1891625
1891626
1891627
1891628
1891629
1891630
1891631
1891632
1891633
1891634
1891635
1891636
1891637
1891638
1891639
1891640
1891641
1891642
1891643
1891644
1891645
1891646
1891647
1891648
1891649
1891650
1891651
1891652
1891653
1891654
1891655
1891656
1891657
1891658
1891659
1891660
1891661
1891662
1891663
1891664
1891665
1891666
1891667
1891668
1891669
1891670
1891671
1891672
1891673
1891674
1891675
1891676
1891677
1891678
1891679
1891680
1891681
1891682
1891683
1891684
1891685
1891686
1891687
1891688
1891689
1891690
1891691
1891692
1891693
1891694
1891695
1891696
1891697
1891698
1891699
1891700
1891701
1891702
1891703
1891704
1891705
1891706
1891707
1891708
1891709
1891710
1891711
1891712
1891713
1891714
1891715
1891716
1891717
1891718
1891719
1891720
1891721
1891722
1891723
1891724
1891725
1891726
1891727
1891728
1891729
1891730
1891731
1891732
1891733
1891734
1891735
1891736
1891737
1891738
1891739
1891740
1891741
1891742
1891743
1891744
1891745
1891746
1891747
1891748
1891749
1891750
1891751
1891752
1891753
1891754
1891755
1891756
1891757
1891758
1891759
1891760
1891761
1891762
1891763
1891764
1891765
1891766
1891767
1891768
1891769
1891770
1891771
1891772
1891773
1891774
1891775
1891776
1891777
1891778
1891779
1891780
1891781
1891782
1891783
1891784
1891785
1891786
1891787
1891788
1891789
1891790
1891791
1891792
1891793
1891794
1891795
1891796
1891797
1891798
1891799
1891800
1891801
1891802
1891803
1891804
1891805
1891806
1891807
1891808
1891809
1891810
1891811
1891812
1891813
1891814
1891815
1891816
1891817
1891818
1891819
1891820
1891821
1891822
1891823
1891824
1891825
1891826
1891827
1891828
1891829
1891830
1891831
1891832
1891833
1891834
1891835
1891836
1891837
1891838
1891839
1891840
1891841
1891842
1891843
1891844
1891845
1891846
1891847
1891848
1891849
1891850
1891851
1891852
1891853
1891854
1891855
1891856
1891857
1891858
1891859
1891860
1891861
1891862
1891863
1891864
1891865
1891866
1891867
1891868
1891869
1891870
1891871
1891872
1891873
1891874
1891875
1891876
1891877
1891878
1891879
1891880
1891881
1891882
1891883
1891884
1891885
1891886
1891887
1891888
1891889
1891890
1891891
1891892
1891893
1891894
1891895
1891896
1891897
1891898
1891899
1893000
1893001
1893002
1893003
1893004
1893005
1893006
1893007
1893008
1893009
1893010
1893011
1893012
1893013
1893014
1893015
1893016
1893017
1893018
1893019
1893020
1893021
1893022
1893023
1893024
1893025
1893026
1893027
1893028
1893029
1893030
1893031
1893032
1893033
1893034
1893035
1893036
1893037
1893038
1893039
1893040
1893041
1893042
1893043
1893044
1893045
1893046
1893047
1893048
1893049
1893050
1893051
1893052
1893053
1893054
1893055
1893056
1893057
1893058
1893059
1893060
1893061
1893062
1893063
1893064
1893065
1893066
1893067
1893068
1893069
1893070
1893071
1893072
1893073
1893074
1893075
1893076
1893077
1893078
1893079
1893080
1893081
1893082
1893083
1893084
1893085
1893086
1893087
1893088
1893089
1893090
1893091
1893092
1893093
1893094
1893095
1893096
1893097
1893098
1893099
1893970
1893971
1893972
1893973
1893974
1893975
1893976
1893977
1893978
1893979
1893980
1893981
1893982
1893983
1893984
1893985
1893986
1893987
1893988
1893989
1893990
1893991
1893992
1893993
1893994
1893995
1893996
1893997
1893998
1893999
1896400
1896401
1896402
1896403
1896404
1896405
1896406
1896407
1896408
1896409
1896410
1896411
1896412
1896413
1896414
1896415
1896416
1896417
1896418
1896419
1896430
1896431
1896432
1896433
1896434
1896435
1896436
1896437
1896438
1896439
1896450
1896451
1896452
1896453
1896454
1896455
1896456
1896457
1896458
1896459
1896470
1896471
1896472
1896473
1896474
1896475
1896476
1896477
1896478
1896479
1896480
1896481
1896482
1896483
1896484
1896485
1896486
1896487
1896488
1896489
1896490
1896491
1896492
1896493
1896494
1896495
1896496
1896497
1896498
1896499